t = [ 210
220
220
220
220
220
210
220
210
220
210
220
210
210
220
210
210
220
210
210
210
210
210
220
210
220
210
210
210
220
210
210
220
210
210
210
220
220
210
210
220
210
220
210
220
210
220
210
210
220
210
220
210
210
220
220
210
220
210
220
220
210
220
210
210
210
210
220
210
220
220
210
220
210
220
210
210
220
210
220
210
210
220
220
200
220
210
210
220
210
210
220
210
220
210
220
210
220
220
220
210
210
220
210
220
210
200
220
220
210
210
210
220
210
220
220
210
220
220
210
210
220
210
220
210
220
200
220
220
210
220
220
210
210
220
220
210
220
220
220
210
220
210
220
210
220
210
210
210
220
210
220
210
220
210
210
220
210
220
220
210
220
210
220
210
220
210
220
210
220
210
220
210
220
220
210
220
210
220
220
210
220
210
220
220
210
220
210
220
220
200
220
210
210
220
220
210
220
210
220
210
220
220
210
220
210
220
210
220
220
220
210
210
210
230
210
210
220
210
220
220
210
220
220
210
210
210
220
210
220
210
220
220
200
220
220
210
220
210
220
220
210
220
210
230
210
220
210
220
220
220
210
220
220
200
220
220
210
220
210
210
220
210
220
220
210
220
210
220
220
210
220
220
220
210
210
220
220
210
220
210
220
210
220
220
210
210
210
220
220
220
220
220
210
220
220
210
210
210
210
220
220
220
210
220
210
220
210
210
220
210
220
210
220
220
210
220
210
210
210
220
210
220
210
220
220
210
220
220
220
210
210
220
210
220
210
210
220
220
210
210
210
220
210
220
210
220
210
220
210
220
210
220
220
210
220
210
220
220
210
220
200
220
210
210
220
220
210
230
210
210
220
220
210
210
220
220
210
210
220
220
220
210
210
210
210
220
210
220
210
220
210
220
210
220
220
210
210
220
220
220
210
220
220
200
220
210
220
220
210
220
210
220
210
220
220
220
210
220
220
210
210
220
220
210
220
200
220
220
210
220
210
220
210
220
210
220
210
220
210
220
210
220
210
220
210
220
200
220
210
220
210
210
220
210
220
210
220
210
220
210
210
220
220
220
210
210
220
210
210
210
220
220
220
210
220
210
220
220
220
210
220
220
210
210
220
220
220
210
210
210
220
210
220
210
220
210
220
210
210
220
210
210
220
210
210
220
220
210
220
210
210
210
210
220
210
220
210
220
210
220
210
220
210
220
210
210
220
210
220
220
210
220
210
210
220
210
210
220
210
220
210
220
220
210
210
220
210
220
210
220
210
220
210
210
200
210
220
210
220
210
220
210
220
210
220
230
210
210
220
220
210
220
210
210
220
200
220
210
210
220
220
220
220
210
220
210
220
210
220
210
220
210
220
220
220
210
210
210
230
230
210
220
220
220
210
220
210
220
210
220
210
220
210
220
210
210
220
210
210
210
220
210
220
210
220
210
220
210
220
210
220
220
210
230
220
210
220
220
220
210
210
210
220
210
220
210
230
220
210
220
210
210
220
220
210
220
210
210
220
210
210
210
210
210
210
220
210
220
210
220
210
220
210
220
210
220
210
220
210
210
220
210
220
200
220
220
210
220
210
210
220
220
210
210
220
210
220
210
220
220
210
220
210
220
210
210
210
220
210
220
210
220
210
220
210
220
210
210
220
220
210
220
210
220
210
220
210
210
220
210
220
230
220
230
220
220
220
220
230
240
240
240
230
220
210
220
210
230
210
240
220
220
210
220
220
210
220
210
220
220
210
220
210
220
210
220
220
200
220
210
220
210
210
220
220
210
220
220
210
220
220
210
220
220
210
220
210
220
220
200
220
220
210
220
210
220
220
210
210
220
220
210
210
210
210
220
220
210
220
210
210
220
210
220
210
220
210
220
210
220
220
210
220
220
220
210
220
210
220
220
210
210
220
220
210
210
220
220
210
220
210
210
230
210
220
210
220
220
210
220
210
220
210
210
210
210
220
220
210
210
220
220
250
260
220
210
220
210
220
210
220
210
220
220
210
210
220
210
220
220
210
210
220
210
220
210
220
210
220
210
220
210
220
220
220
210
210
220
210
220
210
220
220
210
220
210
210
220
220
210
220
220
210
220
210
210
220
200
220
210
210
220
210
210
210
220
210
220
210
210
220
210
210
210
220
220
210
210
210
210
220
210
210
220
210
220
210
210
220
210
220
210
210
220
210
210
220
210
220
220
200
210
220
210
220
210
220
210
220
210
220
210
220
210
210
220
210
220
210
220
220
210
210
220
210
220
220
210
210
220
220
210
210
210
210
220
210
220
210
];
