t = [ 1390
1380
1380
1360
1390
1370
1370
1390
1380
1380
1380
1380
1390
1380
1390
1390
1370
1380
1390
1370
1380
1410
1390
1370
1390
1380
1370
1410
1390
1370
1390
1390
1390
1370
1390
1380
1370
1380
1380
1370
1380
1390
1390
1380
1390
1390
1380
1380
1380
1440
1480
1430
1400
1400
1400
1410
1400
1450
1430
1420
1420
1420
1410
1420
1420
1430
1420
1420
1430
1430
1430
1420
1430
1430
1420
1410
1430
1420
1410
1430
1420
1410
1420
1440
1400
1410
1420
1410
1410
1410
1440
1400
1440
1420
1420
1430
1440
1430
1420
1420
1440
1430
1430
1420
1430
1430
1420
1420
1430
1430
1430
1450
1420
1430
1410
1420
1440
1410
1420
1450
1430
1430
1430
1430
1430
1410
1430
1420
1410
1430
1410
1410
1430
1400
1440
1430
1430
1420
1440
1450
1420
1430
1430
1440
1430
1420
1420
1420
1440
1420
1440
1430
1430
1410
1440
1420
1430
1420
1430
1410
1430
1440
1410
1420
1420
1450
1400
1440
1410
1410
1440
1420
1410
1430
1420
1420
1420
1420
1420
1410
1430
1430
1420
1440
1430
1420
1430
1430
1410
1440
1430
1410
1410
1430
1430
1410
1430
1420
1410
1410
1410
1410
1420
1430
1410
1410
1410
1420
1430
1430
1420
1410
1430
1420
1410
1420
1420
1420
1420
1430
1420
1410
1410
1420
1400
1440
1420
1400
1430
1420
1420
1440
1420
1510
1420
1430
1430
1420
1430
1420
1410
1410
1430
1430
1430
1430
1410
1510
1480
1420
1400
1420
1400
1400
1410
1420
1400
1410
1410
1380
1410
1400
1400
1400
1410
1400
1410
1400
1410
1390
1410
1400
1410
1390
1400
1400
1410
1420
1410
1400
1410
1410
1390
1430
1400
1410
1400
1410
1400
1400
1410
1410
1390
1410
1390
1400
1400
1400
1400
1400
1410
1400
1390
1400
1390
1380
1400
1400
1410
1390
1400
1410
1400
1410
1410
1400
1410
1400
1410
1390
1410
1390
1400
1410
1400
1400
1410
1400
1390
1400
1410
1400
1400
1400
1410
1390
1400
1400
1400
1420
1410
1400
1410
1420
1400
1400
1420
1410
1400
1420
1410
1410
1410
1410
1400
1400
1390
1410
1380
1400
1390
1400
1400
1400
1390
1400
1400
1400
1390
1400
1400
1390
1410
1400
1390
1400
1410
1390
1410
1400
1390
1390
1410
1410
1400
1400
1410
1430
1390
1400
1400
1390
1400
1400
1390
1390
1390
1400
1390
1410
1400
1400
1410
1410
1400
1410
1420
1390
1410
1440
1490
1430
1400
1390
1380
1380
1390
1380
1390
1380
1370
1390
1370
1390
1380
1380
1380
1390
1400
1390
1390
1380
1390
1380
1380
1390
1390
1390
1390
1390
1390
1380
1400
1390
1380
1380
1380
1390
1450
1390
1400
1380
1390
1390
1390
1380
1390
1400
1390
1410
1380
1400
1400
1390
1370
1400
1390
1380
1390
1400
1380
1390
1380
1390
1390
1390
1380
1390
1400
1390
1400
1370
1380
1390
1380
1400
1400
1370
1400
1390
1390
1380
1390
1390
1400
1390
1390
1380
1400
1390
1400
1370
1390
1380
1380
1390
1390
1370
1390
1380
1370
1370
1380
1390
1370
1380
1380
1380
1390
1390
1380
1370
1370
1380
1370
1370
1380
1370
1390
1380
1380
1370
1390
1380
1380
1370
1380
1380
1400
1390
1390
1370
1390
1390
1380
1390
1380
1400
1370
1380
1380
1380
1380
1380
1370
1380
1380
1400
1370
1390
1410
1440
1460
1400
1390
1390
1400
1390
1360
1400
1390
1370
1400
1390
1380
1390
1400
1380
1380
1390
1400
1400
1400
1400
1380
1390
1390
1390
1390
1390
1390
1390
1390
1390
1380
1410
1390
1380
1390
1390
1400
1380
1400
1390
1370
1400
1390
1370
1390
1400
1390
1390
1390
1390
1390
1390
1390
1390
1400
1390
1390
1390
1390
1390
1390
1390
1390
1390
1390
1380
1410
1380
1390
1400
1370
1410
1390
1390
1370
1390
1390
1380
1380
1390
1380
1390
1400
1400
1380
1390
1410
1390
1390
1400
1390
1400
1400
1390
1390
1380
1390
1370
1380
1390
1380
1380
1380
1390
1380
1400
1390
1380
1390
1380
1390
1400
1390
1400
1390
1400
1380
1380
1390
1380
1370
1420
1420
1400
1380
1390
1380
1390
1390
1400
1390
1380
1390
1390
1390
1380
1390
1380
1400
1390
1380
1390
1390
1420
1450
1440
1390
1380
1390
1400
1380
1390
1400
1390
1390
1390
1390
1390
1380
1400
1380
1460
1400
1390
1390
1400
1400
1380
1390
1390
1370
1400
1390
1390
1390
1400
1390
1380
1390
1380
1380
1390
1400
1400
1410
1400
1400
1390
1390
1380
1380
1390
1390
1380
1400
1390
1390
1380
1390
1400
1380
1400
1380
1380
1390
1380
1400
1380
1390
1390
1370
1390
1400
1380
1390
1400
1390
1390
1390
1390
1370
1390
1390
1380
1380
1380
1390
1380
1390
1400
1380
1390
1390
1380
1380
1390
1390
1380
1390
1390
1380
1380
1390
1380
1390
1400
1400
1370
1390
1390
1380
1390
1380
1390
1380
1400
1400
1380
1390
1380
1370
1380
1390
1370
1380
1380
1380
1370
1390
1380
1360
1380
1380
1370
1370
1370
1380
1370
1390
1390
1360
1390
1380
1390
1370
1400
1380
1360
1380
1380
1360
1380
1380
1390
1370
1380
1400
1380
1390
1380
1380
1380
1390
1370
1370
1390
1380
1380
1400
1380
1370
1380
1380
1380
1370
1380
1390
1370
1440
1470
1380
1390
1390
1390
1380
1390
1380
1400
1390
1390
1380
1390
1380
1410
1370
1390
1390
1380
1390
1420
1390
1400
1390
1390
1380
1400
1390
1380
1390
1390
1380
1390
1390
1390
1390
1390
1400
1380
1390
1390
1380
1390
1390
1390
1380
1390
1400
1370
1390
1390
1380
1390
1380
1390
1380
1380
1380
1370
1390
1390
1380
1380
1400
1380
1380
1390
1400
1390
1390
1390
1380
1400
1380
1390
1390
1380
1390
1380
1390
1390
1380
1400
1370
1380
1380
1380
1380
1380
1380
1390
1370
1380
1390
1390
1390
1400
1390
1380
1390
1380
1380
1390
1380
1390
1380
1390
1390
1380
1390
1390
1370
1380
1380
1380
1390
1380
];
