t = [ 840
840
830
830
830
830
830
830
840
820
830
840
830
830
830
830
830
830
840
830
820
840
830
830
830
840
820
830
840
840
830
830
840
830
830
840
830
830
840
830
830
830
830
830
830
840
830
840
820
840
840
830
830
830
830
860
840
830
830
820
830
840
840
850
840
820
830
830
830
840
830
830
840
830
830
830
830
830
840
830
840
820
830
840
840
840
830
830
830
840
840
830
850
910
910
880
860
860
840
850
850
850
850
840
850
850
870
860
840
860
850
840
850
850
840
850
850
850
850
850
840
850
840
850
850
830
850
850
850
860
840
850
850
850
850
840
840
830
850
840
850
840
840
840
850
850
830
860
850
840
850
850
840
840
850
850
850
840
840
840
850
850
840
830
850
840
850
850
830
850
850
840
860
840
850
850
840
870
850
830
860
840
840
850
850
840
850
850
840
840
840
850
860
840
840
840
850
840
850
850
850
830
840
840
850
850
840
840
850
840
860
850
840
850
860
840
850
840
850
860
840
850
840
850
840
850
860
830
850
850
850
850
840
840
850
850
840
850
850
840
850
850
840
850
830
850
850
850
850
840
850
850
860
850
850
830
850
840
850
850
840
850
840
850
830
850
850
840
850
850
860
840
850
850
850
850
840
840
850
840
850
840
830
850
850
840
850
830
860
840
850
840
850
830
850
840
850
840
840
840
850
840
860
840
840
840
860
840
840
840
850
850
850
850
840
830
850
850
850
850
850
840
840
850
840
840
840
840
850
840
850
840
840
850
850
850
840
840
860
850
840
850
840
850
840
840
840
850
850
850
850
840
850
840
850
850
840
840
840
840
840
850
850
850
840
850
840
840
850
830
850
850
850
840
840
900
900
840
870
830
830
840
850
840
850
830
840
840
850
850
840
840
840
840
850
840
830
840
850
840
850
840
830
850
840
840
830
900
850
840
850
830
840
830
830
840
830
840
820
840
830
830
850
830
820
840
830
830
830
830
830
830
840
840
830
830
840
840
840
830
840
830
840
840
840
830
840
840
840
830
850
830
840
840
840
830
850
830
830
840
840
830
850
870
850
830
840
840
820
840
840
840
840
850
820
840
840
830
840
830
840
840
840
830
840
830
830
840
840
840
820
840
840
830
840
840
830
840
840
840
830
840
830
840
840
830
840
830
840
840
830
840
840
830
850
830
850
830
830
840
840
840
830
840
820
840
840
840
840
830
840
840
830
840
830
820
840
830
840
830
820
830
830
830
830
840
820
840
830
830
850
830
820
830
830
830
830
820
820
830
830
830
840
820
840
830
820
840
810
830
830
830
840
830
820
840
830
850
850
820
840
830
840
840
830
820
830
840
830
830
830
820
830
830
840
820
820
830
830
830
830
840
820
840
830
830
830
820
840
830
830
830
820
820
850
890
940
890
840
840
850
830
830
840
820
840
850
850
840
830
840
840
840
830
850
820
840
830
840
840
830
840
840
840
840
840
820
840
830
850
840
830
850
830
840
840
850
830
830
840
830
840
840
830
830
840
840
840
830
830
830
840
840
840
840
840
830
840
840
830
840
840
840
840
840
830
840
840
830
840
820
850
830
830
840
840
830
830
840
840
830
840
840
840
840
850
840
840
830
840
850
830
830
830
840
830
830
830
830
830
830
840
840
820
840
840
840
840
830
830
830
840
830
840
830
830
840
840
830
830
820
840
830
830
830
830
830
830
840
840
830
820
830
830
830
830
850
820
830
830
830
830
820
830
840
830
830
830
820
840
830
840
850
830
820
830
840
830
830
820
830
830
840
830
830
820
840
830
830
830
820
830
860
930
890
910
880
850
840
840
840
830
840
840
850
840
840
830
840
860
830
840
840
850
830
850
850
840
850
840
840
850
850
870
860
840
840
840
830
850
840
850
850
850
830
840
850
840
840
840
840
840
850
850
850
830
840
850
840
860
840
840
840
850
840
850
820
840
840
840
840
840
830
850
840
850
840
840
840
850
840
840
830
860
850
840
850
850
830
850
840
850
850
830
840
840
840
860
840
830
840
850
830
840
840
840
860
840
840
850
830
840
830
840
840
840
840
840
850
840
840
830
840
850
840
840
840
830
840
840
850
840
830
850
840
840
840
820
840
840
840
840
840
840
840
850
840
840
840
850
830
840
840
850
830
840
840
840
830
840
840
840
840
840
840
830
840
840
840
840
830
830
840
830
840
840
830
830
840
840
840
830
840
850
830
840
830
840
840
860
840
830
830
840
840
830
830
850
840
840
850
830
840
830
850
840
850
840
840
830
];
