t = [ 1420
1400
1410
1400
1390
1390
1400
1390
1420
1400
1400
1400
1400
1390
1380
1400
1390
1390
1400
1390
1390
1400
1390
1410
1380
1400
1390
1380
1390
1380
1380
1390
1380
1390
1400
1390
1380
1380
1380
1410
1380
1390
1390
1390
1380
1390
1390
1380
1400
1390
1380
1400
1400
1390
1400
1410
1400
1380
1390
1390
1380
1390
1490
1480
1450
1400
1400
1380
1390
1400
1410
1390
1410
1390
1410
1400
1400
1400
1390
1410
1380
1400
1390
1390
1400
1400
1400
1380
1390
1400
1380
1400
1400
1380
1390
1410
1390
1390
1400
1390
1390
1390
1400
1400
1370
1390
1380
1380
1390
1390
1390
1380
1410
1390
1380
1400
1390
1400
1410
1390
1400
1380
1400
1390
1390
1380
1400
1380
1390
1400
1390
1380
1400
1390
1400
1390
1390
1380
1390
1390
1400
1390
1380
1400
1380
1390
1390
1370
1390
1390
1390
1390
1400
1410
1390
1400
1390
1380
1390
1390
1390
1380
1390
1390
1380
1390
1390
1370
1390
1390
1390
1380
1400
1400
1380
1390
1380
1360
1390
1380
1380
1370
1380
1390
1360
1390
1380
1370
1380
1380
1380
1380
1380
1380
1380
1400
1390
1380
1380
1370
1380
1370
1380
1390
1420
1390
1380
1380
1380
1380
1410
1380
1390
1380
1370
1370
1390
1370
1390
1380
1380
1370
1370
1390
1360
1400
1380
1390
1380
1380
1380
1370
1530
1370
1380
1380
1400
1440
1490
1390
1390
1380
1400
1430
1420
1420
1430
1410
1410
1410
1400
1410
1410
1430
1470
1440
1430
1410
1430
1390
1400
1410
1450
1480
1410
1410
1390
1370
1420
1440
1420
1390
1400
1430
1390
1400
1390
1410
1450
1400
1380
1400
1380
1420
1450
1410
1400
1380
1400
1400
1420
1440
1410
1380
1410
1400
1380
1440
1450
1390
1390
1390
1410
1390
1440
1450
1390
1390
1390
1410
1410
1430
1430
1410
1390
1390
1390
1420
1430
1390
1390
1390
1380
1400
1410
1420
1400
1390
1400
1390
1390
1410
1420
1390
1390
1400
1380
1390
1390
1390
1400
1400
1390
1390
1400
1390
1390
1410
1410
1370
1380
1400
1390
1390
1390
1380
1390
1380
1400
1380
1390
1380
1380
1380
1390
1380
1380
1390
1370
1380
1390
1390
1380
1400
1390
1390
1390
1380
1390
1390
1430
1420
1380
1390
1390
1390
1360
1380
1380
1380
1380
1380
1370
1380
1390
1390
1380
1380
1370
1370
1380
1390
1370
1400
1380
1400
1380
1390
1390
1380
1390
1390
1380
1400
1400
1410
1410
1420
1530
1490
1450
1430
1410
1400
1430
1420
1470
1450
1430
1400
1400
1400
1420
1410
1420
1390
1400
1410
1380
1400
1390
1390
1390
1400
1420
1420
1420
1510
1620
1600
1510
1470
1390
1400
1410
1400
1440
1410
1470
1540
1590
1420
1440
1450
1430
1400
1400
1380
1430
1440
1410
1400
1420
1420
1430
1430
1490
1450
1480
1540
1390
1420
1450
1440
1400
1400
1400
1400
1400
1390
1400
1410
1430
1410
1460
1470
1380
1410
1390
1410
1460
1410
1400
1440
1470
1530
1440
1440
1440
1460
1430
1430
1450
1460
1480
1440
1490
1460
1570
1440
1410
1410
1420
1390
1390
1400
1390
1400
1390
1390
1400
1380
1410
1400
1380
1400
1390
1400
1380
1410
1400
1390
1390
1400
1380
1400
1390
1380
1380
1390
1400
1380
1400
1400
1390
1380
1400
1390
1380
1400
1390
1390
1400
1390
1380
1410
1400
1400
1390
1410
1420
1390
1390
1420
1380
1400
1410
1390
1390
1400
1400
1390
1390
1400
1390
1400
1390
1400
1390
1400
1410
1380
1410
1400
1390
1420
1390
1390
1390
1400
1400
1390
1390
1400
1400
1400
1400
1380
1400
1400
1400
1390
1390
1380
1380
1390
1390
1380
1400
1400
1390
1390
1390
1400
1390
1400
1400
1400
1400
1390
1390
1400
1430
1390
1380
1390
1380
1390
1390
1400
1390
1380
1400
1380
1380
1380
1390
1390
1400
1390
1380
1380
1380
1380
1380
1380
1380
1380
1380
1390
1400
1370
1380
1390
1380
1380
1380
1380
1380
1390
1380
1370
1380
1390
1370
1390
1390
1380
1380
1380
1380
1360
1430
1500
1400
1460
1390
1390
1390
1400
1400
1380
1390
1400
1380
1400
1400
1390
1410
1400
1390
1410
1460
1390
1390
1380
1400
1380
1390
1400
1380
1400
1390
1390
1380
1380
1390
1380
1380
1390
1390
1390
1380
1380
1390
1400
1380
1380
1390
1380
1370
1390
1390
1390
1380
1390
1390
1380
1390
1390
1390
1370
1390
1400
1380
1390
1380
1380
1390
1390
1390
1390
1400
1390
1390
1390
1400
1380
1400
1390
1380
1400
1390
1400
1380
1400
1400
1380
1400
1390
1380
1380
1400
1380
1370
1390
1390
1380
1380
1400
1380
1390
1390
1390
1370
1390
1400
1360
1380
1390
1390
1370
1380
1390
1380
1390
1390
1390
1380
1400
1390
1370
1410
1380
1370
1380
1380
1380
1390
1390
1380
1380
1390
1390
1380
1400
1390
1390
1380
1390
1400
1380
1390
1380
1380
1390
1390
1380
1390
1380
1400
1390
1400
1390
1370
1380
1400
1370
1370
1380
1380
1370
1390
1380
1370
1390
1380
1370
1430
1410
1420
1380
1400
1400
1380
1390
1390
1380
1400
1390
1400
1390
1400
1410
1380
1400
1400
1390
1400
1410
1390
1370
1390
1370
1380
1380
1390
1360
1380
1390
1390
1380
1380
1390
1370
1390
1380
1380
1380
1390
1380
1370
1370
1380
1370
1380
1390
1360
1380
1380
1380
1360
1470
1530
1420
1410
1380
1380
1400
1410
1400
1400
1390
1400
1380
1400
1390
1390
1400
1400
1390
1420
1390
1390
1400
1400
1390
1390
1400
1390
1380
1400
1400
1400
1380
1390
1390
1370
1390
1380
1380
1390
1390
1400
1380
1390
1400
1380
1390
1400
1370
1390
1390
1400
1410
1410
1390
1390
1400
1410
1380
1400
1400
1400
1390
1400
1410
1400
1400
1400
1400
1400
1410
1410
1400
1410
1410
1390
1400
1400
1390
1410
1400
1390
1400
1400
1400
1400
1410
1410
1390
1410
1400
1400
1400
1400
1410
1400
1400
1400
];
