t = [ 2190
2180
2180
2170
2180
2180
2190
2160
2170
2190
2180
2160
2170
2160
2190
2160
2200
2180
2210
2170
2180
2170
2180
2170
2180
2170
2180
2250
2180
2180
2220
2170
2180
2170
2170
2160
2180
2160
2150
2160
2160
2180
2140
2170
2150
2150
2140
2150
2170
2150
2150
2140
2160
2160
2180
2150
2140
2160
2130
2180
2170
2160
2160
2170
2190
2150
2150
2160
2360
2170
2160
2190
2180
2170
2160
2140
2170
2160
2180
2140
2170
2160
2180
2150
2170
2160
2170
2160
2150
2150
2160
2150
2170
2150
2150
2170
2150
2170
2150
2170
2150
2150
2150
2160
2160
2180
2150
2150
2150
2150
2150
2170
2150
2150
2170
2160
2180
2140
2170
2150
2140
2180
2160
2150
2160
2170
2150
2160
2160
2160
2170
2150
2160
2140
2150
2160
2160
2170
2180
2170
2150
2180
2140
2160
2150
2150
2160
2170
2160
2150
2160
2150
2160
2170
2180
2180
2170
2140
2170
2150
2170
2160
2170
2160
2150
2160
2240
2150
2170
2150
2160
2160
2150
2160
2160
2150
2150
2150
2170
2160
2150
2150
2150
2170
2170
2170
2170
2170
2140
2160
2190
2180
2160
2170
2160
2160
2160
2190
2150
2160
2160
2180
2160
2140
2460
2340
2180
2190
2180
2180
2210
2170
2180
2150
2180
2170
2190
2170
2190
2160
2170
2170
2190
2160
2160
2160
2170
2180
2150
2160
2170
2180
2160
2180
2180
2130
2140
2140
2140
2150
2130
2140
2120
2140
2160
2160
2130
2150
2140
2140
2120
2140
2150
2130
2140
2120
2150
2130
2150
2140
2150
2150
2140
2120
2130
2120
2150
2120
2140
2140
2150
2140
2140
2150
2130
2140
2160
2140
2130
2130
2130
2130
2110
2130
2120
2130
2140
2140
2140
2130
2140
2130
2130
2130
2140
2120
2120
2120
2120
2130
2130
2130
2150
2120
2120
2120
2180
2140
2140
2160
2150
2150
2130
2150
2120
2140
2120
2310
2160
2150
2140
2130
2140
2140
2120
2140
2120
2130
2150
2140
2150
2180
2140
2130
2140
2120
2130
2130
2150
2130
2140
2130
2140
2140
2160
2150
2140
2140
2130
2140
2120
2140
2140
2150
2140
2120
2120
2120
2120
2120
2120
2140
2120
2130
2140
2120
2140
2130
2150
2140
2120
2130
2140
2130
2140
2120
2140
2130
2140
2110
2130
2130
2110
2120
2110
2140
2120
2130
2120
2120
2110
2130
2120
2120
2110
2130
2110
2130
2140
2130
2130
2130
2130
2130
2140
2120
2130
2100
2130
2100
2130
2120
2130
2270
2130
2130
2120
2140
2130
2120
2120
2120
2120
2140
2120
2130
2130
2130
2120
2130
2120
2120
2100
2130
2140
2140
2120
2150
2120
2120
2140
2130
2130
2130
2120
2120
2130
2130
2150
2120
2130
2140
2130
2130
2120
2120
2120
2130
2130
2130
2120
2160
2120
2120
2120
2140
2120
2140
2130
2120
2120
2130
2130
2130
2130
2120
2150
2110
2130
2120
2120
2120
2100
2110
2120
2100
2110
2120
2110
2120
2100
2110
2100
2110
2100
2120
2120
2120
2130
2120
2140
2110
2110
2100
2120
2110
2120
2100
2120
2120
2120
2100
2190
2200
2170
2130
2130
2140
2140
2120
2140
2130
2130
2140
2170
2130
2110
2140
2130
2120
2130
2130
2110
2140
2120
2130
2120
2120
2140
2110
2150
2120
2120
2140
2140
2130
2120
2130
2130
2140
2130
2130
2130
2140
2160
2130
2130
2140
2140
2120
2150
2140
2140
2150
2120
2140
2130
2150
2140
2140
2130
2130
2170
2140
2150
2150
2130
2130
2140
2140
2130
2140
2130
2160
2140
2140
2140
2140
2140
2140
2130
2130
2140
2150
2140
2130
2150
2140
2140
2140
2110
2130
2160
2120
2130
2140
2130
2120
2130
2120
2120
2130
2120
2140
2120
2150
2120
2120
2130
2120
2130
2110
2130
2130
2130
2130
2120
2120
2110
2130
2110
2110
2110
2120
2140
2120
2120
2310
2220
2120
2140
2140
2130
2150
2120
2140
2140
2130
2140
2150
2130
2130
2150
2130
2170
2150
2140
2130
2140
2140
2130
2140
2150
2140
2140
2140
2140
2130
2150
2130
2150
2120
2150
2140
2160
2150
2120
2140
2140
2120
2140
2150
2150
2140
2140
2120
2150
2130
2150
2140
2160
2120
2130
2140
2140
2160
2120
2150
2120
2120
2110
2140
2130
2140
2140
2120
2140
2120
2110
2140
2130
2130
2130
2130
2130
2150
2120
2120
2170
2110
2130
2120
2150
2140
2110
2150
2130
2140
2120
2120
2110
2120
2330
2370
2150
2150
2150
2130
2140
2130
2130
2130
2180
2140
2110
2140
2130
2150
2130
2140
2130
2130
2140
2110
2140
2130
2120
2140
2120
2140
2140
2140
2130
2140
2130
2140
2140
2120
2130
2120
2140
2120
2150
2120
2120
2130
2130
2120
2130
2120
2130
2130
2120
2130
2130
2120
2140
2120
2130
2120
2110
2130
2130
2130
2130
2150
2140
2130
2120
2130
2140
2120
2130
2130
2130
2120
2140
2110
2130
2130
2110
2130
2120
2130
2120
2140
2130
2130
2120
2120
2140
2130
2120
2130
2130
2110
2160
2140
2120
2140
2120
2130
2110
2120
2130
2120
2140
2130
2120
2120
2140
2320
2170
2140
2180
2160
2150
2160
2170
2140
2140
2130
2150
2120
2210
2160
2150
2150
2130
2130
2120
2140
2130
2130
2130
2120
2140
2120
2150
2140
2140
2140
2140
2150
2140
2170
2140
2150
2120
2130
2130
2130
2150
2240
2140
2120
2140
2130
2130
2150
2140
2140
2160
2150
2140
2130
2130
2140
2130
2140
2130
2130
2130
2130
2130
2130
2130
2130
2130
2140
2130
2130
2150
2130
2150
2150
2140
2150
2140
2140
2130
2130
2140
2130
2140
2130
2150
2120
2130
2110
2120
2120
2150
2130
2130
2120
2110
2130
2110
2140
2130
2130
2120
2130
2120
2120
2160
2120
2130
2120
2120
2130
2130
2110
2120
2120
2130
2120
2120
2120
2120
2310
2150
2150
2160
2170
2160
2150
2180
2130
2160
2160
2160
2170
2160
2160
2180
2160
2160
2150
2190
2150
2160
2150
2170
2170
2170
2160
2140
2170
2150
2160
2150
2140
2160
2150
2170
2150
2150
2160
];
